0 0 1 1 2
1 0 4 0 2 2 1.5 20 1 21 2
2 0 2 1 1.5 3 1
3 0 4 2 1 4 4 5 2 9 1.5
4 0 2 3 4 7 3
5 0 1 3 2
6 0 3 7 1 12 2.5 14 3
7 0 4 4 3 6 1 8 1 10 2
8 0 4 7 1 10 2 11 1.5 12 2
9 1 3 3 1.5 14 9 20 2
10 0 3 7 2 11 3 8 2
11 0 4 10 3 8 1.5 12 2 13 4
12 1 4 8 2 11 2 13 2 6 2.5
13 0 3 14 1 11 4 12 2
14 0 5 13 1 6 3 15 3 16 6 9 9 
15 0 2 14 3 17 5
16 1 1 14 6
17 0 4 15 5 24 3.5 25 1 18 0.3
18 0 3 17 0.3 26 0.2 19 0.1
19 0 2 20 0.4 18 0.1
20 0 4 1 1 9 2 19 0.4 26 0.7
21 0 3 1 2 22 0.5 23 0.8
22 1 2 21 0.5 23 0.5
23 0 4 24 2 25 1 22 0.5 21 0.8
24 0 2 17 3.5 23 2
25 0 3 17 1 23 1 26 0.3
26 0 3 25 0.3 20 0.7 18 0.2